4.262441392825916942e-01
-8.405485230988286816e+00
-5.196347620767607367e+01
-1.177319486331769127e+02
-1.562522691081928485e+02
-2.050066954176129741e+02
-2.452601908802283788e+02
-2.853960022082421233e+02
-3.253667315890103851e+02
-4.571122739642538590e+02
-5.068718682110365421e+02
-5.564533801302875418e+02
-6.058610403410951903e+02
-6.551082746725376182e+02
-7.041975294846203042e+02
-7.531149557541497188e+02
-8.018251583781578802e+02
-8.504152634772219699e+02
-8.988409580481583134e+02
-9.462911978284112138e+02
-9.943482388435159010e+02
-1.042242300076728952e+03
-1.089973810323452426e+03
-1.137543196482062285e+03
-1.184950883624062953e+03
-1.232197295049543754e+03
-1.279282852331458571e+03
-1.326207975351336700e+03
-1.372973082328353257e+03
-1.419578589843217060e+03
