-2.289961986762610193e-20
3.452552734413305459e-19
4.273183810109010862e-19
-1.368597143708468206e-19
-3.424297882285524146e-19
-2.086513798200412624e-19
2.727106012077409492e-19
1.838185659278127992e-19
5.677451860331065625e-19
-2.950888067924509457e-19
3.018468631149398369e-19
-2.091812599149208897e-19
-4.898931376303337730e-19
2.532965789516183690e-19
7.677193457597944283e-20
-4.215033021869792982e-19
-6.709945144722902311e-19
4.618149576582817949e-19
-3.758534282416458482e-19
2.762066562880112101e-19
-3.156207391795531451e-21
-4.910282306716673355e-19
-3.158874726780718071e-20
2.163916244902914516e-19
5.591750297749087683e-19
3.854689010837861424e-19
5.244207845755965395e-19
1.130342134922941803e-18
1.830459973410173408e-19
-2.786877897146173861e-19
