5.873819948950162434e-19
-6.375936815553965546e-18
4.964325247177232504e-18
1.918465386552271682e-18
-1.929834070324432791e-17
-1.781093790971984104e-17
-1.365663138130912626e-17
4.570210876408965166e-17
3.198389701234797315e-17
-3.099861108542729749e-17
3.372709519074609306e-17
3.751665644813328345e-17
1.658880440421246059e-17
4.547473508864752688e-19
3.637978807091698150e-18
-4.123042648037275468e-17
-1.242976092423001529e-17
-7.185008144006130231e-17
-2.728484105318785399e-17
-1.102004413648198046e-16
-7.791337945188083159e-17
-2.152470794195930303e-17
-9.701276818911230812e-17
2.106996059107284019e-17
1.370305350671211742e-16
-6.032981521760423121e-17
-8.943364567433795199e-17
3.031649005909760322e-17
3.516712846855323157e-17
1.767451370445390774e-16
