-2.113441431784326800e-03
-3.216627595273732765e-02
-1.402875413647596270e-01
-8.062433233039266456e-02
8.921872022459358120e-02
8.412485880883802461e-04
2.021067179579100898e-02
5.532463724356107004e-02
-1.901241462991815762e-02
2.724323751166471061e-02
3.144328927082637448e-02
2.059981824673088810e-02
7.757954420777936344e-02
-8.212173309831456713e-02
2.589742899512763596e-01
-6.445044810567076565e-01
-1.153772814142271619e+00
3.884830333648718326e-01
-5.535212915629067476e-01
-8.506216611186274701e-01
-1.895551823344842068e-01
-2.879777953834567472e-01
5.771363989186674426e-02
4.783777064976298954e-01
3.180051045191681913e-01
-5.187975749587010049e-02
1.107550307318610622e-01
7.222236841843914824e-03
-1.432354340637304879e-01
-3.105850479613488924e-01
