-4.053143002792867541e-21
-7.117946730436873344e-20
1.419823189140882097e-19
2.860909931988916306e-19
-8.244516180866409923e-19
1.791694104504389691e-19
4.274618717802976455e-19
7.727084759805851336e-19
1.797089359918332112e-19
-2.449934786291628126e-19
3.993676682036384421e-19
-1.109583440211080304e-18
-9.607652424107518553e-19
-1.202020986001626059e-18
1.134150155879485572e-18
3.900257395696184131e-20
-6.429186090660458468e-18
-7.268228264615631249e-18
3.298722912302896270e-18
-9.782490572804439943e-19
-9.203458669361024047e-19
7.329559557669083689e-18
-6.459131657538063270e-18
-1.462840735407903359e-17
-3.797075410893795850e-18
-7.258530880299357711e-18
6.031470895645483667e-18
1.833600404756857730e-17
-8.683731901951153861e-18
5.024996622508315370e-19
