-4.322468309207276940e-18
-5.816976530089354964e-18
-2.144654824102568164e-18
4.657015513960987289e-19
-4.796755585327142053e-18
-2.125707017815632982e-18
-3.295734056033930711e-18
-3.197442310920450075e-19
1.548983163957018501e-18
1.689315354269638232e-18
2.157681440924837883e-18
-7.543595377986398977e-19
-1.205110085796453287e-18
-3.671137468093852725e-20
7.636854112054910060e-19
1.689019294796402137e-19
9.208929914924132378e-19
-5.255055649892407365e-20
-1.763626282051215096e-18
1.924386576016944280e-21
6.513308411134252738e-19
6.810848181733796627e-19
1.211031275261120676e-18
-8.157918784945650664e-19
2.525387306680687400e-19
4.916067553040194692e-19
-2.130147909914132416e-19
-6.958877918350481344e-19
-1.468454987237541090e-19
-2.461734519935513260e-19
