9.184837315388684302e-04
1.913664888368375117e+01
3.975437975215219666e+01
6.242899692182708549e+01
8.299152384259880932e+01
9.838602692815159401e+01
1.179157737212192814e+02
1.374595560053189160e+02
1.570028122343319694e+02
1.858273830005773277e+02
2.063956248770379887e+02
2.269676181541718449e+02
2.475346141106905407e+02
2.680989752448273293e+02
2.886661141838440017e+02
3.092368615410360349e+02
3.298053893824931606e+02
3.503736403528521919e+02
3.709241397442821153e+02
3.914935027459827666e+02
4.120628657476841568e+02
4.322653553708710206e+02
4.528172754933856936e+02
4.733691956158997414e+02
4.939211157384143007e+02
5.144695704252516180e+02
5.350213521122173006e+02
5.555731337991823011e+02
5.761249154861470743e+02
5.966766971731125295e+02
