-8.838111178241027840e-23
2.124939809253331754e-20
9.242821939310748228e-20
1.840725380279629027e-19
-9.285165229281720048e-20
4.770632108934356723e-19
-3.447755725664511396e-19
-1.599516327403563002e-19
-1.837089960045104384e-19
-3.944937423693151150e-19
-3.027846708890854874e-19
2.981156378071939720e-19
2.885458753803966236e-19
1.122949818889150542e-19
1.863176067603012417e-19
-1.765459469719177408e-19
4.017506802042572946e-20
4.088549156453294884e-19
-4.485644801924499939e-21
-4.739769797168560727e-19
-2.917384487200608296e-19
8.177866388265936925e-20
-1.029737054004546272e-19
6.144451990032958419e-19
-1.230602353236945811e-19
6.191880414068331430e-20
5.935946359736839489e-20
3.384509040395568145e-19
4.208881507206107992e-19
-2.396688533398694065e-19
