-7.933862054173699274e-01
-4.513694709846957642e-01
2.778996493477119967e-01
-9.788664984495366872e-02
8.456685516077938614e-02
7.048088788445755482e-02
8.215099647875588607e-02
7.566098077104352337e-02
-2.844909430703444070e-02
-5.684691430813801349e-02
5.279151376433235260e-02
8.944686613315258605e-02
-1.159062560079991352e-02
-2.191031164288654784e-02
5.263617488240918997e-03
5.262623963796970311e-02
-4.883797069469957008e-02
-6.316759582063052880e-02
-6.357089434989617038e-02
-1.672573318280973914e-02
-5.488005951781065039e-02
-1.094726328684990195e-02
-1.842216299335626200e-03
6.001973187421673524e-03
3.549667244038390464e-03
2.026908699299076813e-02
2.509319679708441400e-02
3.765166983345999419e-02
8.302006368056192090e-03
1.404558574629435549e-02
