5.721981644447313031e-21
-4.354889590759379060e-19
5.707448511483374791e-19
-5.892313196700019671e-19
-4.574118861455659231e-20
-5.713891788057462181e-19
4.199522990278845990e-19
-4.830963781137300894e-19
2.521934145348867001e-19
7.423198092276128016e-19
1.274506064244007771e-19
-2.236645317197323811e-19
6.030528543257226255e-20
3.515921142551933850e-18
-3.869762517787867222e-18
1.509541235139694875e-19
-5.820568793430525192e-18
1.325573187096103402e-18
1.140011804574849520e-18
6.480054123500485153e-19
-9.464445394936902722e-18
-9.756019993603646720e-18
-1.173941710533629227e-18
1.422747018577549363e-17
-4.274907973907587220e-19
-8.007121405443259086e-18
1.427377067815075859e-17
1.063126583294992979e-17
-1.192048037247187567e-17
5.188573962838783301e-18
