-2.837433991468666121e-18
-1.028392186223451603e-17
-5.249726579374209036e-18
5.518548581070111024e-18
3.150072795203112795e-18
1.341741532693655660e-18
3.434289889507237585e-20
-4.817479748453479262e-18
-9.592326932761364187e-20
7.135033304924334328e-19
8.828493491819249477e-19
1.514640265061946991e-18
-9.416171546187492907e-19
-1.035616037370345771e-18
4.642212540299322669e-19
4.506025182611970996e-19
2.688812135905512778e-18
2.753353101070387136e-20
5.118868292205054970e-19
1.264173950706512617e-19
2.107943449421631153e-19
-2.494301061991185632e-19
5.406045981241429676e-19
-3.537910705138841535e-20
-4.784321087451338457e-19
3.751073525866862569e-19
2.575717417130362707e-19
9.843977485009725077e-20
-2.448411843640011540e-19
1.526186584518048226e-19
