-1.217098570000547204e-03
9.825837593841932685e-03
3.388121425674665149e-02
-4.708369592925813751e-02
-1.198527096515910467e-02
4.855753482671659738e-02
3.682398594679568704e-02
7.643195207113569201e-02
-1.753276787861597630e-02
3.083148190389250337e-02
3.140856825396520086e-02
-1.067635841790627593e-01
-4.458271414535344701e-02
1.452744789120676561e-01
3.516255383177660510e-02
3.544077639163878413e-01
5.167431030104256973e-01
-3.655468343029804057e-01
-4.021473750083471854e-01
4.891937798395085690e-01
-4.485546148085667872e-01
-2.974241605812762979e-01
3.140459615636929103e-01
-2.055286134425625411e-01
5.385984864956662628e-03
-2.002888451700986575e-02
-1.671742145391885981e-01
-3.688469232575734558e-01
2.471293710244089614e-01
1.903492910780517355e-01
