-1.865753495353014409e-03
-1.603414436014210381e-02
-1.433033549764802655e-02
-2.689892068131225986e-02
-1.299025626607024824e-03
3.874398204189486317e-03
-2.296712374887658822e-02
5.453415293672940652e-03
-7.499335969768361303e-03
-2.221251558750850924e-02
-1.925176820882744735e-02
-1.835506409415510465e-02
-5.225462063867846070e-03
-2.177584167372071267e-03
-3.321264108259639955e-03
-5.883674559046547098e-03
-7.177194718377496833e-03
-1.235889867020697336e-02
-1.209716255936903184e-02
-1.614108510157586177e-02
-1.481907607371197103e-02
-1.944928563569481642e-02
-2.024226561066306065e-02
-1.979167398935696015e-02
-1.948889219912632725e-02
-1.957193995853642038e-02
-2.025596361218868699e-02
-2.130538500449041112e-02
-2.189852631852844470e-02
-2.206717909232379024e-02
