7.178633499200146595e-01
1.066714232130303586e+01
-1.225186301087254925e+01
-5.536488222574765672e+01
-7.328657160791590286e+01
-1.066427183859619703e+02
-1.273639434546025910e+02
-1.479547382635484212e+02
-1.683987852441849498e+02
-2.713061787699380147e+02
-3.004865635545487521e+02
-3.295057350996173113e+02
-3.583514910399209725e+02
-3.870261972938895951e+02
-4.155388997238223965e+02
-4.438911885647829649e+02
-4.720739725175490094e+02
-5.000937168279596108e+02
-5.279226816051354945e+02
-5.556147344180026266e+02
-5.831432721007535065e+02
-6.099904249661299218e+02
-6.371701768675044377e+02
-6.641878225634702630e+02
-6.910437848052216623e+02
-7.177319663277867221e+02
-7.442655797436110561e+02
-7.706387706180062196e+02
-7.968519559440231887e+02
-8.229055512415068279e+02
