0 1
0 2
0 3
0 4
0 5
0 6
0 13
0 17
0 19
0 21
0 22
0 25
0 28
0 29
0 31
0 36
0 41
0 49
0 54
0 60
0 61
0 70
0 78
0 92
0 93
0 98
0 111
0 116
0 121
0 136
0 141
0 144
0 147
0 150
0 154
0 160
0 162
0 169
0 180
0 205
0 211
0 213
0 214
0 219
0 230
0 233
0 244
0 251
0 284
0 316
0 321
0 329
0 344
0 350
0 388
0 411
0 414
0 420
0 422
0 444
0 476
0 503
0 522
0 571
0 591
0 607
0 621
0 624
0 640
0 656
0 672
0 673
0 678
0 687
0 698
0 708
0 742
0 744
0 751
0 757
0 792
0 824
0 857
0 864
0 869
0 872
0 888
0 954
0 986
0 987
0 997
0 998
1 0
1 2
1 3
1 6
1 7
1 16
1 17
1 21
1 26
1 41
1 48
1 70
1 90
1 172
1 176
1 238
1 252
1 260
1 263
1 291
1 294
1 356
1 399
1 463
1 478
1 515
1 521
1 525
1 540
1 579
1 709
1 711
1 785
1 837
2 0
2 1
2 3
2 4
2 5
2 11
2 17
2 20
2 34
2 35
2 51
2 124
2 133
2 189
2 193
2 320
2 344
2 380
2 417
2 429
2 568
2 575
2 577
2 625
2 631
2 699
2 700
2 735
2 782
2 793
2 827
2 877
3 0
3 1
3 2
3 4
3 5
3 7
3 8
3 11
3 18
3 23
3 27
3 28
3 29
3 30
3 33
3 39
3 42
3 44
3 45
3 62
3 67
3 71
3 72
3 73
3 107
3 110
3 122
3 137
3 157
3 161
3 163
3 173
3 176
3 254
3 257
3 259
3 262
3 270
3 280
3 304
3 314
3 319
3 342
3 368
3 372
3 378
3 395
3 401
3 403
3 425
3 439
3 483
3 530
3 547
3 554
3 596
3 603
3 637
3 644
3 664
3 727
3 742
3 773
3 779
3 806
3 816
3 820
3 831
3 853
3 855
3 870
3 872
3 921
3 952
3 957
3 971
3 979
4 0
4 2
4 3
4 8
4 9
4 13
4 14
4 18
4 19
4 23
4 30
4 32
4 36
4 42
4 47
4 50
4 63
4 64
4 65
4 76
4 82
4 100
4 103
4 109
4 114
4 127
4 157
4 165
4 191
4 213
4 256
4 285
4 296
4 303
4 304
4 361
4 368
4 371
4 391
4 497
4 535
4 537
4 538
4 543
4 552
4 562
4 591
4 649
4 753
4 811
4 857
4 869
4 884
4 886
4 926
4 967
4 979
5 0
5 2
5 3
5 6
5 9
5 10
5 12
5 13
5 18
5 20
5 21
5 23
5 27
5 40
5 43
5 46
5 50
5 56
5 71
5 75
5 79
5 86
5 90
5 104
5 133
5 135
5 141
5 170
5 217
5 224
5 225
5 236
5 251
5 253
5 268
5 280
5 328
5 333
5 334
5 338
5 340
5 355
5 357
5 379
5 384
5 444
5 470
5 476
5 488
5 502
5 508
5 520
5 563
5 565
5 605
5 606
5 612
5 625
5 629
5 662
5 663
5 664
5 684
5 685
5 780
5 804
5 811
5 862
5 950
5 964
5 988
6 0
6 1
6 5
6 7
6 8
6 15
6 16
6 24
6 25
6 26
6 33
6 37
6 45
6 48
6 53
6 59
6 97
6 106
6 107
6 111
6 116
6 130
6 160
6 167
6 185
6 186
6 197
6 216
6 255
6 309
6 350
6 397
6 450
6 465
6 471
6 485
6 486
6 582
6 613
6 619
6 620
6 740
6 754
6 829
6 852
6 922
6 941
6 947
6 976
6 984
7 1
7 3
7 6
7 10
7 12
7 14
7 19
7 25
7 33
7 36
7 39
7 42
7 48
7 54
7 66
7 67
7 80
7 83
7 88
7 91
7 104
7 114
7 115
7 118
7 123
7 125
7 129
7 135
7 165
7 172
7 173
7 178
7 189
7 190
7 223
7 240
7 261
7 279
7 283
7 299
7 313
7 348
7 374
7 385
7 408
7 438
7 447
7 456
7 457
7 476
7 501
7 536
7 548
7 550
7 673
7 684
7 685
7 696
7 697
7 713
7 725
7 746
7 772
7 774
7 784
7 805
7 810
7 897
7 935
7 975
8 3
8 4
8 6
8 9
8 22
8 43
8 195
8 291
8 363
8 559
8 569
8 721
9 4
9 5
9 8
9 10
9 11
9 14
9 24
9 29
9 44
9 74
9 99
9 126
9 132
9 136
9 138
9 144
9 153
9 162
9 191
9 200
9 274
9 325
9 348
9 357
9 375
9 396
9 442
9 463
9 467
9 470
9 502
9 504
9 507
9 570
9 590
9 600
9 637
9 643
9 655
9 674
9 702
9 706
9 761
9 764
9 896
9 943
10 5
10 7
10 9
10 15
10 41
10 112
10 126
10 195
10 198
10 201
10 233
10 319
10 548
10 841
11 2
11 3
11 9
11 12
11 49
11 57
11 61
11 66
11 68
11 105
11 146
11 152
11 154
11 155
11 171
11 194
11 207
11 222
11 278
11 430
11 521
11 595
11 629
11 731
11 822
11 845
11 871
11 985
12 5
12 7
12 11
12 15
12 168
12 385
12 413
12 438
12 451
12 492
12 555
12 573
12 586
12 665
12 722
12 730
12 758
12 858
12 888
12 904
12 971
13 0
13 4
13 5
13 34
13 38
13 60
13 65
13 152
13 154
13 174
13 259
13 307
13 330
13 351
13 402
13 435
13 452
13 523
13 687
13 765
13 914
14 4
14 7
14 9
14 22
14 30
14 40
14 44
14 51
14 52
14 71
14 88
14 108
14 158
14 162
14 188
14 196
14 202
14 229
14 294
14 317
14 322
14 348
14 349
14 362
14 424
14 469
14 471
14 485
14 533
14 703
14 779
15 6
15 10
15 12
15 16
15 20
15 24
15 35
15 37
15 52
15 56
15 57
15 62
15 70
15 74
15 79
15 83
15 87
15 105
15 139
15 141
15 169
15 178
15 220
15 224
15 247
15 311
15 373
15 402
15 420
15 434
15 441
15 443
15 472
15 496
15 509
15 515
15 581
15 645
15 686
15 693
15 717
15 728
15 731
15 796
15 847
15 853
15 930
15 934
15 938
15 942
15 952
16 1
16 6
16 15
16 27
16 40
16 76
16 97
16 109
16 132
16 278
16 325
16 665
16 731
17 0
17 1
17 2
17 89
17 96
17 108
17 208
17 241
17 287
17 546
17 583
17 587
17 717
17 930
17 963
18 3
18 4
18 5
18 207
18 284
18 484
18 615
18 765
18 825
18 936
19 0
19 4
19 7
19 129
19 201
19 219
19 233
19 251
19 297
19 309
19 362
19 504
19 531
19 607
19 618
19 652
19 656
19 683
19 794
20 2
20 5
20 15
20 26
20 31
20 49
20 68
20 84
20 113
20 139
20 156
20 182
20 187
20 239
20 267
20 269
20 289
20 294
20 370
20 409
20 417
20 511
20 544
20 602
20 679
20 867
20 873
20 899
20 924
20 974
21 0
21 1
21 5
21 59
21 145
21 396
21 473
22 0
22 8
22 14
22 47
22 52
22 95
22 119
22 132
22 181
22 267
22 270
22 392
22 419
22 487
22 524
22 554
22 560
22 677
22 850
22 978
22 982
23 3
23 4
23 5
23 32
23 59
23 72
23 78
23 84
23 89
23 112
23 119
23 196
23 212
23 289
23 353
23 373
23 454
23 513
23 524
23 539
23 603
23 608
23 744
23 793
23 803
23 814
23 984
24 6
24 9
24 15
24 34
24 58
24 279
24 627
24 987
25 0
25 6
25 7
25 55
25 58
25 62
25 63
25 69
25 77
25 81
25 89
25 179
25 292
25 378
25 380
25 453
25 490
25 520
25 676
25 688
25 748
25 755
25 789
25 825
25 874
25 958
25 984
26 1
26 6
26 20
26 57
26 69
26 181
26 204
26 206
26 241
26 267
26 305
26 311
26 313
26 317
26 332
26 372
26 465
26 617
26 686
26 777
26 834
26 881
26 891
27 3
27 5
27 16
27 28
27 38
27 53
27 54
27 64
27 101
27 175
27 194
27 237
27 274
27 302
27 363
27 395
27 408
27 415
27 461
27 474
27 491
27 546
27 651
27 659
27 819
27 822
27 845
27 852
27 875
28 0
28 3
28 27
29 0
29 3
29 9
29 31
29 32
29 79
29 84
29 99
29 117
29 124
29 134
29 168
29 179
29 211
29 293
29 308
29 321
29 334
29 339
29 360
29 398
29 424
29 432
29 462
29 510
29 530
29 540
29 753
29 805
29 828
29 953
29 980
30 3
30 4
30 14
30 50
30 56
30 83
30 98
30 117
30 135
30 252
30 280
30 331
30 351
30 368
30 413
30 447
30 453
30 492
30 552
30 632
30 762
30 806
30 807
30 866
30 892
30 912
30 930
31 0
31 20
31 29
31 35
32 4
32 23
32 29
32 47
32 61
32 64
32 159
32 169
32 246
32 262
32 311
32 389
32 483
32 596
32 718
33 3
33 6
33 7
33 46
33 93
33 112
33 115
33 118
33 147
33 149
33 203
33 308
33 571
33 583
33 614
33 630
33 633
33 737
33 764
33 858
33 901
33 908
34 2
34 13
34 24
34 37
34 43
34 81
34 109
34 202
34 316
34 326
34 421
34 553
34 791
34 829
34 906
34 998
35 2
35 15
35 31
35 38
35 46
35 245
35 270
35 276
35 298
35 406
35 482
35 498
35 563
35 639
35 719
35 768
35 771
35 892
36 0
36 4
36 7
36 130
36 173
36 272
36 382
36 430
36 451
36 555
36 579
36 589
36 775
37 6
37 15
37 34
37 39
37 63
37 82
37 99
37 134
37 174
37 183
37 198
37 223
37 229
37 253
37 362
37 533
37 747
37 790
38 13
38 27
38 35
38 77
38 121
38 161
38 184
38 353
38 358
38 557
38 581
38 591
39 3
39 7
39 37
39 45
39 125
39 188
39 506
40 5
40 14
40 16
40 55
40 60
40 80
40 100
40 105
40 114
40 208
40 238
40 239
40 387
40 573
40 584
40 680
40 687
40 704
40 729
40 768
40 786
40 927
41 0
41 1
41 10
41 94
41 138
41 140
41 310
41 482
41 515
41 647
41 649
41 714
41 832
41 887
42 3
42 4
42 7
42 118
42 174
42 184
42 227
42 230
42 236
42 256
42 397
42 427
42 446
42 473
42 477
42 566
42 800
42 806
42 874
42 885
42 925
42 990
43 5
43 8
43 34
43 87
43 92
43 94
43 113
43 155
43 196
43 222
43 240
43 277
43 327
43 354
43 400
43 413
43 599
43 681
43 734
43 738
43 805
43 813
43 876
44 3
44 9
44 14
44 73
44 74
44 91
44 104
44 126
44 407
44 527
44 691
44 727
44 751
44 873
44 972
45 3
45 6
45 39
45 249
45 259
45 268
45 395
45 444
45 506
45 667
45 815
46 5
46 33
46 35
46 68
46 85
46 87
46 92
46 107
46 120
46 166
46 170
46 274
46 329
46 359
46 456
46 589
46 628
46 733
46 781
46 866
46 967
47 4
47 22
47 32
47 106
47 254
47 324
47 345
47 365
47 372
47 390
47 403
47 410
47 670
47 756
47 766
47 861
47 919
47 977
48 1
48 6
48 7
48 51
48 69
48 250
48 330
48 337
48 386
48 397
48 477
48 546
48 679
48 707
48 761
48 798
48 837
49 0
49 11
49 20
49 65
49 67
49 128
49 159
49 193
49 200
49 235
49 309
49 335
49 400
49 590
49 634
49 638
49 824
49 831
49 895
49 914
50 4
50 5
50 30
50 177
50 215
50 227
50 286
50 302
50 314
50 315
50 374
50 480
50 561
50 597
50 748
50 861
50 904
51 2
51 14
51 48
51 53
51 72
51 76
51 100
51 102
51 140
51 167
51 175
51 183
51 248
51 257
51 312
51 316
51 322
51 324
51 353
51 367
51 390
51 419
51 528
51 532
51 534
51 539
51 545
51 566
51 575
51 593
51 595
51 711
51 746
51 767
51 800
51 905
51 913
52 14
52 15
52 22
52 273
53 6
53 27
53 51
53 55
53 86
53 115
53 123
53 166
53 514
53 543
53 628
54 0
54 7
54 27
54 58
54 101
54 188
54 218
54 220
54 426
54 449
54 881
54 901
55 25
55 40
55 53
55 298
55 809
56 5
56 15
56 30
56 197
56 209
56 224
56 225
56 226
56 252
56 330
56 735
56 866
57 11
57 15
57 26
57 66
57 85
57 120
57 346
57 384
57 405
57 455
57 486
57 517
57 601
57 633
57 639
57 795
57 838
57 918
58 24
58 25
58 54
58 81
58 128
58 187
58 247
58 299
58 344
58 723
58 749
58 767
58 859
58 910
58 939
59 6
59 21
59 23
59 73
59 421
59 604
60 0
60 13
60 40
60 117
60 193
60 995
61 0
61 11
61 32
61 75
61 78
61 131
61 148
61 206
61 386
61 431
61 616
61 632
61 901
62 3
62 15
62 25
62 94
62 527
62 980
63 4
63 25
63 37
63 85
63 130
63 349
63 519
63 647
63 773
64 4
64 27
64 32
64 103
64 194
64 272
64 459
64 557
65 4
65 13
65 49
65 91
65 93
65 95
65 217
65 253
65 277
65 306
65 383
65 411
65 473
65 529
65 622
65 744
65 809
65 815
65 882
66 7
66 11
66 57
66 82
66 143
66 176
66 191
66 220
66 227
66 275
66 288
66 399
66 409
66 511
66 517
66 525
66 534
66 602
66 759
66 890
66 958
67 3
67 7
67 49
67 119
67 131
67 167
67 180
67 244
67 386
67 391
67 445
67 462
67 523
67 553
67 568
67 644
67 691
67 704
67 787
67 789
67 848
67 849
67 953
67 970
68 11
68 20
68 46
68 86
68 136
68 821
68 923
69 25
69 26
69 48
69 77
69 209
70 0
70 1
70 15
70 158
70 180
70 818
70 828
70 860
70 867
71 3
71 5
71 14
71 210
71 263
71 286
71 383
71 404
71 509
71 609
71 760
71 763
71 897
72 3
72 23
72 51
72 352
72 491
72 551
72 612
72 826
73 3
73 44
73 59
73 106
73 139
73 260
73 301
73 329
73 360
73 475
73 680
73 729
73 740
73 741
74 9
74 15
74 44
74 75
74 80
74 181
74 186
74 230
74 410
74 414
74 517
74 519
74 828
75 5
75 61
75 74
75 95
75 110
75 170
75 184
75 279
75 285
75 306
75 335
75 350
75 405
75 426
75 464
75 466
75 504
75 616
75 706
75 878
75 911
76 4
76 16
76 51
76 88
76 96
76 98
76 116
76 137
76 146
76 164
76 232
76 320
76 325
76 343
76 489
76 647
76 650
76 695
76 696
76 751
76 897
77 25
77 38
77 69
77 90
77 113
77 127
77 158
77 159
77 240
77 265
77 293
77 387
77 459
77 468
77 547
77 617
77 832
77 855
78 0
78 23
78 61
78 150
78 231
78 531
79 5
79 15
79 29
79 101
79 128
79 133
79 156
79 189
79 212
79 287
79 315
79 324
79 369
79 404
79 495
79 572
79 634
79 659
79 962
80 7
80 40
80 74
80 186
80 484
80 617
80 637
80 854
81 25
81 34
81 58
81 216
81 313
81 816
81 900
82 4
82 37
82 66
82 151
82 341
82 352
82 446
83 7
83 15
83 30
83 96
83 103
83 163
83 342
83 437
83 486
83 753
83 830
83 970
83 993
84 20
84 23
84 29
84 111
84 142
84 326
84 457
84 770
85 46
85 57
85 63
85 122
85 155
85 203
85 249
85 562
86 5
86 53
86 68
86 131
86 310
86 479
86 587
86 934
86 974
87 15
87 43
87 46
87 137
87 237
87 815
88 7
88 14
88 76
88 108
88 185
88 246
88 264
88 578
88 795
88 859
88 972
89 17
89 23
89 25
89 149
89 215
89 257
89 263
89 303
89 345
89 371
89 526
89 650
89 662
89 854
89 919
89 989
90 1
90 5
90 77
90 138
90 865
90 928
91 7
91 44
91 65
91 142
91 235
91 236
91 245
91 338
91 861
92 0
92 43
92 46
92 148
92 153
92 168
92 190
92 254
92 341
92 978
93 0
93 33
93 65
93 153
93 226
93 370
93 536
93 728
93 825
93 849
94 41
94 43
94 62
94 102
94 525
94 535
94 601
95 22
95 65
95 75
95 102
95 560
95 694
95 794
96 17
96 76
96 83
96 97
96 120
96 241
96 402
96 433
96 556
97 6
97 16
97 96
97 110
97 122
97 124
97 214
97 235
97 393
97 995
98 0
98 30
98 76
98 364
98 478
98 642
98 691
98 769
99 9
99 29
99 37
99 123
99 125
99 286
99 432
99 487
99 750
99 803
99 969
100 4
100 40
100 51
100 281
100 303
100 698
100 972
101 27
101 54
101 79
101 271
101 755
102 51
102 94
102 95
102 544
102 700
102 838
102 955
102 986
103 4
103 64
103 83
103 205
103 427
103 507
103 641
104 5
104 7
104 44
104 203
104 255
104 542
104 549
104 961
105 11
105 15
105 40
105 156
105 192
105 226
105 272
105 281
105 282
105 333
105 671
105 676
105 682
105 688
105 844
106 6
106 47
106 73
106 145
106 221
106 342
106 394
106 582
106 658
107 3
107 6
107 46
107 143
107 179
107 205
107 275
107 300
107 382
107 558
107 681
107 724
107 771
107 902
107 907
108 14
108 17
108 88
108 121
108 152
108 295
108 297
108 315
108 446
108 466
108 510
108 594
108 661
108 689
108 692
108 879
109 4
109 16
109 34
109 500
109 571
109 641
110 3
110 75
110 97
110 143
110 171
110 298
110 312
110 760
110 799
110 947
111 0
111 6
111 84
111 163
111 197
111 718
112 10
112 23
112 33
112 144
112 269
112 273
112 619
112 707
112 912
112 959
113 20
113 43
113 77
113 183
113 204
113 323
113 586
114 4
114 7
114 40
114 256
114 336
114 431
114 457
114 492
114 529
114 635
114 776
114 836
114 843
114 874
114 940
115 7
115 33
115 53
115 142
115 145
115 234
115 343
115 416
115 502
116 0
116 6
116 76
116 229
116 664
116 958
116 983
117 29
117 30
117 60
117 140
117 381
117 862
117 939
118 7
118 33
118 42
118 146
118 175
118 177
118 271
118 310
118 522
118 532
118 663
118 699
118 743
119 22
119 23
119 67
119 626
119 688
119 883
119 953
119 992
120 46
120 57
120 96
120 127
120 182
120 243
120 336
120 499
120 999
121 0
121 38
121 108
121 213
121 573
121 713
122 3
122 85
122 97
122 160
122 225
122 460
122 503
122 774
122 788
122 847
123 7
123 53
123 99
123 165
123 604
123 694
124 2
124 29
124 97
124 134
124 157
124 290
124 375
124 409
124 410
124 469
124 660
124 670
124 724
124 803
125 7
125 39
125 99
125 177
125 377
125 428
125 549
125 601
125 605
125 727
125 756
126 9
126 10
126 44
126 129
126 337
126 455
126 530
126 539
126 564
126 922
127 4
127 77
127 120
127 150
127 228
127 554
128 49
128 58
128 79
128 151
128 164
128 302
128 407
128 440
129 7
129 19
129 126
129 640
129 908
130 6
130 36
130 63
130 355
130 523
130 914
130 952
131 61
131 67
131 86
131 192
131 210
131 291
131 358
131 713
132 9
132 16
132 22
132 248
132 337
132 357
132 475
132 848
132 877
132 928
132 966
133 2
133 5
133 79
133 242
133 287
133 332
133 376
133 377
133 403
133 442
133 630
133 636
133 656
133 736
133 752
133 801
134 29
134 37
134 124
134 151
134 166
134 376
134 404
134 408
134 448
134 452
134 456
134 505
134 572
134 608
134 626
134 820
134 846
134 848
134 884
134 960
135 5
135 7
135 30
135 161
135 231
135 290
135 365
135 555
135 950
136 0
136 9
136 68
137 3
137 76
137 87
137 192
137 214
137 379
137 401
137 675
137 830
137 899
138 9
138 41
138 90
138 201
138 354
138 529
138 626
138 951
139 15
139 20
139 73
139 148
139 199
139 365
139 449
139 642
139 646
140 41
140 51
140 117
140 219
140 222
140 494
140 817
140 818
140 924
141 0
141 5
141 15
141 147
141 195
141 199
141 221
141 228
141 238
141 283
141 292
141 299
141 317
141 428
141 429
141 485
141 528
141 566
141 600
141 762
141 791
142 84
142 91
142 115
142 237
142 277
142 644
142 653
143 66
143 107
143 110
143 199
143 209
143 216
143 218
143 467
143 604
143 624
143 748
143 802
143 804
144 0
144 9
144 112
144 149
144 494
144 559
144 635
144 739
144 766
144 872
145 21
145 106
145 115
145 164
145 185
145 221
145 250
145 314
145 319
145 331
145 445
145 582
145 614
146 11
146 76
146 118
146 212
146 250
146 376
146 454
146 540
146 898
146 919
147 0
147 33
147 141
147 265
147 327
147 345
147 538
147 583
147 941
147 955
147 981
148 61
148 92
148 139
148 171
148 198
148 300
148 321
148 366
148 418
148 458
149 33
149 89
149 144
150 0
150 78
150 127
150 424
150 426
150 702
151 82
151 128
151 134
151 206
151 570
151 745
151 917
152 11
152 13
152 108
152 172
152 332
152 510
152 798
153 9
153 92
153 93
153 275
153 276
153 842
154 0
154 11
154 13
154 548
155 11
155 43
155 85
155 187
156 20
156 79
156 105
156 574
157 3
157 4
157 124
157 320
157 741
158 14
158 70
158 77
158 246
159 32
159 49
159 77
159 190
159 359
159 493
159 594
159 707
159 817
160 0
160 6
160 122
160 200
160 405
160 584
161 3
161 38
161 135
161 266
161 690
161 722
161 796
161 871
162 0
162 9
162 14
162 232
162 269
162 300
162 435
162 474
162 498
162 512
162 543
163 3
163 83
163 111
163 458
163 499
163 693
164 76
164 128
164 145
164 228
164 355
164 576
164 589
164 810
164 989
165 4
165 7
165 123
165 245
165 833
166 46
166 53
166 134
167 6
167 51
167 67
167 258
167 379
167 992
168 12
168 29
168 92
168 441
169 0
169 15
169 32
169 178
169 231
169 406
169 620
169 780
169 975
170 5
170 46
170 75
170 282
170 561
170 579
170 598
170 623
170 628
170 657
171 11
171 110
171 148
171 261
171 630
172 1
172 7
172 152
172 399
172 437
172 547
172 569
172 697
173 3
173 7
173 36
173 223
173 305
173 655
174 13
174 37
174 42
174 297
174 328
174 336
174 339
174 536
174 610
174 792
174 819
174 842
174 915
174 959
175 27
175 51
175 118
175 182
175 846
176 1
176 3
176 66
176 814
176 898
177 50
177 118
177 125
177 207
177 364
177 380
177 627
177 788
177 855
177 863
177 935
178 7
178 15
178 169
178 304
178 306
178 388
178 631
178 798
178 963
179 25
179 29
179 107
179 292
179 392
179 433
179 448
179 593
179 616
179 651
179 889
179 915
180 0
180 67
180 70
180 308
181 22
181 26
181 74
181 341
181 459
182 20
182 120
182 175
182 204
183 37
183 51
183 113
183 283
183 412
183 415
183 460
184 38
184 42
184 75
184 532
185 6
185 88
185 145
185 442
185 625
185 767
185 809
186 6
186 74
186 80
186 239
186 264
186 660
187 20
187 58
187 155
187 425
187 666
188 14
188 39
188 54
188 265
188 349
188 465
189 2
189 7
189 79
189 445
189 550
189 623
189 818
189 869
189 925
190 7
190 92
190 159
191 4
191 9
191 66
191 322
191 556
191 716
192 105
192 131
192 137
192 208
192 232
192 234
192 268
192 288
192 432
192 641
192 723
192 954
193 2
193 49
193 60
193 346
193 622
193 827
193 907
194 11
194 27
194 64
194 234
194 509
194 648
194 705
195 8
195 10
195 141
195 249
195 296
195 351
195 391
195 425
195 429
195 505
195 624
195 917
195 948
196 14
196 23
196 43
196 215
196 260
196 266
196 483
196 760
197 6
197 56
197 111
197 244
197 247
197 248
197 431
197 436
197 598
197 772
198 10
198 37
198 148
198 369
198 406
198 535
198 592
198 843
199 139
199 141
199 143
199 695
200 9
200 49
200 160
200 202
200 211
200 480
200 607
201 10
201 19
201 138
201 218
201 295
201 401
201 468
201 481
201 526
201 758
202 14
202 34
202 200
203 33
203 85
203 104
203 210
203 479
204 26
204 113
204 182
204 288
204 390
204 394
204 708
204 786
204 971
205 0
205 103
205 107
205 340
205 620
206 26
206 61
206 151
206 217
206 301
206 369
206 490
207 11
207 18
207 177
207 266
207 730
207 772
207 906
208 17
208 40
208 192
208 318
208 347
208 892
208 920
208 941
209 56
209 69
209 143
209 977
210 71
210 131
210 203
210 258
210 666
210 844
211 0
211 29
211 200
211 356
211 361
212 23
212 79
212 146
212 261
212 282
212 289
212 544
212 649
212 692
212 741
212 920
212 934
213 0
213 4
213 121
213 273
213 356
213 411
214 0
214 97
214 137
214 534
214 993
215 50
215 89
215 196
215 819
215 933
216 6
216 81
216 143
216 242
216 472
216 899
216 921
217 5
217 65
217 206
217 606
217 734
217 942
218 54
218 143
218 201
218 359
218 398
218 440
218 513
218 580
218 650
218 826
218 835
218 912
218 948
218 950
218 973
219 0
219 19
219 140
219 497
219 719
219 780
220 15
220 54
220 66
220 392
220 415
220 765
221 106
221 141
221 145
222 11
222 43
222 140
222 648
223 7
223 37
223 173
223 747
224 5
224 15
224 56
224 481
224 488
225 5
225 56
225 122
225 494
225 712
225 961
226 56
226 93
226 105
226 307
226 436
226 860
227 42
227 50
227 66
228 127
228 141
228 164
228 367
228 412
228 468
228 564
228 696
228 714
228 762
228 836
229 14
229 37
229 116
229 242
229 307
229 595
229 623
230 0
230 42
230 74
231 78
231 135
231 169
231 327
231 654
231 885
232 76
232 162
232 192
232 439
233 0
233 10
233 19
233 293
233 301
233 312
233 347
233 416
233 585
233 597
233 636
233 655
234 115
234 192
234 194
234 673
235 49
235 91
235 97
235 474
236 5
236 42
236 91
236 947
237 27
237 87
237 142
237 374
237 461
237 783
238 1
238 40
238 141
238 295
238 340
238 393
238 980
239 20
239 40
239 186
239 243
239 284
239 838
239 839
240 7
240 43
240 77
240 360
240 567
240 671
241 17
241 26
241 96
241 434
241 781
242 133
242 216
242 229
242 243
242 258
242 464
242 700
242 857
243 120
243 239
243 242
244 0
244 67
244 197
244 977
245 35
245 91
245 165
246 32
246 88
246 158
246 531
246 808
247 15
247 58
247 197
247 364
247 577
247 689
247 913
247 949
248 51
248 132
248 197
249 45
249 85
249 195
249 339
249 610
250 48
250 145
250 146
250 255
250 271
250 366
250 436
250 651
250 703
250 739
251 0
251 5
251 19
251 264
251 407
251 412
251 618
251 742
251 844
251 969
252 1
252 30
252 56
252 890
252 946
253 5
253 37
253 65
253 328
253 366
253 463
254 3
254 47
254 92
254 808
255 6
255 104
255 250
255 323
255 558
255 683
255 715
256 4
256 42
256 114
256 526
256 527
256 777
256 860
257 3
257 51
257 89
257 400
257 653
257 812
257 840
257 948
258 167
258 210
258 242
258 428
258 894
259 3
259 13
259 45
259 661
260 1
260 73
260 196
260 389
260 865
261 7
261 171
261 212
261 262
261 441
261 839
261 924
262 3
262 32
262 261
262 497
262 710
262 991
263 1
263 71
263 89
263 276
263 489
263 854
263 921
263 996
264 88
264 186
264 251
264 932
265 77
265 147
265 188
265 323
265 334
265 371
265 462
265 669
266 161
266 196
266 207
266 469
267 20
267 22
267 26
267 381
267 712
268 5
268 45
268 192
268 721
269 20
269 112
269 162
269 378
269 718
269 834
270 3
270 22
270 35
270 449
270 464
270 471
270 484
270 503
270 506
270 789
271 101
271 118
271 250
271 557
271 600
271 703
271 932
272 36
272 64
272 105
273 52
273 112
273 213
273 281
273 354
273 363
273 373
273 418
273 669
273 720
273 740
273 868
274 9
274 27
274 46
274 278
274 434
274 593
274 829
275 66
275 107
275 153
275 652
275 885
275 918
276 35
276 153
276 263
276 290
276 305
277 43
277 65
277 142
277 285
277 518
277 706
278 11
278 16
278 274
279 7
279 24
279 75
279 916
280 3
280 5
280 30
280 711
280 747
280 910
281 100
281 105
281 273
282 105
282 170
282 212
282 383
282 842
282 878
283 7
283 141
283 183
283 489
283 652
283 931
284 0
284 18
284 239
285 4
285 75
285 277
285 438
286 50
286 71
286 99
286 333
286 437
286 505
286 519
286 634
286 794
286 891
287 17
287 79
287 133
288 66
288 192
288 204
288 801
289 20
289 23
289 212
289 296
289 467
289 905
289 916
290 124
290 135
290 276
290 417
291 1
291 8
291 131
291 318
292 25
292 141
292 179
292 338
292 783
292 786
293 29
293 77
293 233
293 352
293 453
293 455
293 542
293 592
293 606
293 704
293 884
293 898
294 1
294 14
294 20
294 416
294 657
294 836
295 108
295 201
295 238
295 318
295 440
295 454
295 521
296 4
296 195
296 289
297 19
297 108
297 174
298 35
298 55
298 110
298 450
298 518
298 736
298 738
298 961
299 7
299 58
299 141
299 452
299 537
299 775
299 895
300 107
300 148
300 162
301 73
301 206
301 233
302 27
302 50
302 128
302 427
303 4
303 89
303 100
303 346
303 520
304 3
304 4
304 178
304 361
304 367
304 370
304 394
304 514
304 726
305 26
305 173
305 276
305 496
305 695
305 773
305 807
306 65
306 75
306 178
306 733
306 833
307 13
307 226
307 229
308 29
308 33
308 180
308 443
308 710
308 853
309 6
309 19
309 49
310 41
310 86
310 118
310 558
310 676
311 15
311 26
311 32
311 491
311 516
311 538
311 925
312 51
312 110
312 233
312 514
313 7
313 26
313 81
314 3
314 50
314 145
314 423
314 488
314 580
314 594
314 841
315 50
315 79
315 108
315 511
316 0
316 34
316 51
316 512
316 671
316 783
316 799
316 870
316 945
316 997
317 14
317 26
317 141
317 388
318 208
318 291
318 295
318 414
318 537
318 586
319 3
319 10
319 145
319 331
319 347
319 384
319 487
319 588
320 2
320 76
320 157
321 0
321 29
321 148
321 393
321 501
322 14
322 51
322 191
322 937
322 997
323 113
323 255
323 265
323 578
323 640
324 47
324 51
324 79
324 423
325 9
325 16
325 76
325 326
325 343
325 433
325 493
325 675
326 34
326 84
326 325
326 787
327 43
327 147
327 231
328 5
328 174
328 253
328 654
329 0
329 46
329 73
329 581
329 862
330 13
330 48
330 56
330 421
330 460
330 541
330 674
330 937
331 30
331 145
331 319
331 335
331 382
331 903
332 26
332 133
332 152
332 524
332 587
333 5
333 105
333 286
334 5
334 29
334 265
334 451
334 609
334 645
334 918
335 49
335 75
335 331
335 423
335 596
335 896
336 114
336 120
336 174
336 512
336 660
336 858
337 48
337 126
337 132
338 5
338 91
338 292
339 29
339 174
339 249
339 420
339 435
339 498
339 499
339 668
339 939
340 5
340 205
340 238
340 807
341 82
341 92
341 181
341 518
341 701
341 712
341 715
342 3
342 83
342 106
342 528
342 572
343 76
343 115
343 325
344 0
344 2
344 58
344 490
345 47
345 89
345 147
345 821
345 888
346 57
346 193
346 303
347 208
347 233
347 319
347 893
348 7
348 9
348 14
348 576
348 643
348 672
349 14
349 63
349 188
349 631
350 0
350 6
350 75
351 13
351 30
351 195
351 358
352 72
352 82
352 293
352 448
352 466
352 477
352 479
353 23
353 38
353 51
354 43
354 138
354 273
355 5
355 130
355 164
356 1
356 211
356 213
357 5
357 9
357 132
357 377
357 508
357 615
357 670
358 38
358 131
358 351
358 758
359 46
359 159
359 218
359 968
360 29
360 73
360 240
360 418
360 439
360 508
360 726
361 4
361 211
361 304
361 781
362 14
362 19
362 37
363 8
363 27
363 273
364 98
364 177
364 247
364 541
364 570
365 47
365 135
365 139
365 645
366 148
366 250
366 253
367 51
367 228
367 304
367 585
368 3
368 4
368 30
369 79
369 198
369 206
369 389
369 398
369 495
369 549
369 880
370 20
370 93
370 304
370 430
370 840
371 4
371 89
371 265
371 375
371 565
371 615
372 3
372 26
372 47
373 15
373 23
373 273
373 381
373 387
373 461
373 678
373 926
373 990
374 7
374 50
374 237
374 576
374 797
374 938
375 9
375 124
375 371
376 133
376 134
376 146
377 125
377 133
377 357
377 385
378 3
378 25
378 269
379 5
379 137
379 167
379 790
379 816
380 2
380 25
380 177
380 793
381 117
381 267
381 373
381 567
381 732
382 36
382 107
382 331
383 65
383 71
383 282
383 678
384 5
384 57
384 319
384 749
385 7
385 12
385 377
385 580
386 48
386 61
386 67
387 40
387 77
387 373
387 614
388 0
388 178
388 317
389 32
389 260
389 369
389 472
389 493
389 750
389 795
389 856
390 47
390 51
390 204
390 565
390 638
390 778
390 852
390 909
391 4
391 67
391 195
391 863
392 22
392 179
392 220
392 396
392 560
392 662
392 759
392 893
392 909
393 97
393 238
393 321
393 993
394 106
394 204
394 304
395 3
395 27
395 45
395 782
396 9
396 21
396 392
396 419
397 6
397 42
397 48
398 29
398 218
398 369
398 613
398 944
399 1
399 66
399 172
399 588
400 43
400 49
400 257
400 501
400 801
400 915
401 3
401 137
401 201
401 865
402 13
402 15
402 96
403 3
403 47
403 133
403 422
403 552
403 629
403 672
403 777
403 827
403 845
404 71
404 79
404 134
404 619
405 57
405 75
405 160
405 661
405 681
406 35
406 169
406 198
406 545
407 44
407 128
407 251
407 470
407 575
407 750
408 7
408 27
408 134
409 20
409 66
409 124
409 574
410 47
410 74
410 124
410 481
410 826
411 0
411 65
411 213
411 422
411 668
411 757
412 183
412 228
412 251
412 585
412 659
413 12
413 30
413 43
414 0
414 74
414 318
414 458
414 475
415 27
415 183
415 220
415 771
415 893
416 115
416 233
416 294
417 2
417 20
417 290
417 743
418 148
418 273
418 360
419 22
419 51
419 396
419 701
419 769
420 0
420 15
420 339
420 599
420 611
420 969
421 34
421 59
421 330
421 697
422 0
422 403
422 411
422 551
422 965
423 314
423 324
423 335
424 14
424 29
424 150
425 3
425 187
425 195
425 563
425 608
425 797
426 54
426 75
426 150
427 42
427 103
427 302
427 443
427 567
427 577
427 588
427 701
427 813
428 125
428 141
428 258
428 507
428 791
429 2
429 141
429 195
429 868
430 11
430 36
430 370
430 522
430 639
430 902
431 61
431 114
431 197
432 29
432 99
432 192
433 96
433 179
433 325
434 15
434 241
434 274
435 13
435 162
435 339
435 450
435 513
435 723
436 197
436 226
436 250
437 83
437 172
437 286
437 533
438 7
438 12
438 285
438 480
439 3
439 232
439 360
439 725
440 128
440 218
440 295
440 559
440 690
440 784
440 900
440 966
441 15
441 168
441 261
442 9
442 133
442 185
442 447
442 556
442 733
442 974
443 15
443 308
443 427
443 682
443 717
443 770
443 851
444 0
444 5
444 45
444 550
444 553
444 633
444 708
444 870
445 67
445 145
445 189
446 42
446 82
446 108
447 7
447 30
447 442
447 802
448 134
448 179
448 352
448 516
448 574
448 876
448 926
448 951
448 994
449 54
449 139
449 270
449 856
450 6
450 298
450 435
450 500
450 590
450 928
451 12
451 36
451 334
452 13
452 134
452 299
453 25
453 30
453 293
453 646
453 903
453 932
454 23
454 146
454 295
455 57
455 126
455 293
455 725
456 7
456 46
456 134
456 693
456 721
456 851
457 7
457 84
457 114
457 820
458 148
458 163
458 414
458 482
459 64
459 77
459 181
459 496
460 122
460 183
460 330
460 692
461 27
461 237
461 373
461 878
462 29
462 67
462 265
462 873
463 1
463 9
463 253
463 478
463 927
464 75
464 242
464 270
464 597
464 709
465 6
465 26
465 188
465 578
465 981
466 75
466 108
466 352
466 812
467 9
467 143
467 289
467 923
468 77
468 201
468 228
468 653
468 917
469 14
469 124
469 266
470 5
470 9
470 407
470 905
470 929
471 6
471 14
471 270
472 15
472 216
472 389
472 542
472 887
473 21
473 42
473 65
473 749
473 994
474 27
474 162
474 235
474 689
475 73
475 132
475 414
476 0
476 5
476 7
476 936
477 42
477 48
477 352
478 1
478 98
478 463
478 551
478 612
478 999
479 86
479 203
479 352
479 774
480 50
480 200
480 438
480 500
480 564
481 201
481 224
481 410
481 680
482 35
482 41
482 458
482 495
482 996
483 3
483 32
483 196
484 18
484 80
484 270
484 743
485 6
485 14
485 141
486 6
486 57
486 83
486 889
487 22
487 99
487 319
487 770
488 5
488 224
488 314
488 732
488 804
488 881
489 76
489 263
489 283
489 561
489 686
490 25
490 206
490 344
490 911
491 27
491 72
491 311
491 761
491 834
491 891
491 900
491 922
492 12
492 30
492 114
492 605
493 159
493 325
493 389
493 568
494 140
494 144
494 225
495 79
495 369
495 482
495 938
495 967
496 15
496 305
496 459
496 516
497 4
497 219
497 262
498 35
498 162
498 339
499 120
499 163
499 339
499 636
500 109
500 450
500 480
500 663
500 982
501 7
501 321
501 400
502 5
502 9
502 115
503 0
503 122
503 270
504 9
504 19
504 75
504 622
504 668
504 800
505 134
505 195
505 286
505 665
506 39
506 45
506 270
507 9
507 103
507 428
508 5
508 357
508 360
508 569
509 15
509 71
509 194
509 738
509 987
510 29
510 108
510 152
511 20
511 66
511 315
512 162
512 316
512 336
513 23
513 218
513 435
513 592
513 613
514 53
514 304
514 312
514 685
514 720
515 1
515 15
515 41
516 311
516 448
516 496
516 584
516 763
517 57
517 66
517 74
518 277
518 298
518 341
518 775
519 63
519 74
519 286
520 5
520 25
520 303
520 908
521 1
521 11
521 295
522 0
522 118
522 430
523 13
523 67
523 130
523 603
524 22
524 23
524 332
524 541
524 684
524 778
524 792
525 1
525 66
525 94
526 89
526 201
526 256
526 599
527 44
527 62
527 256
528 51
528 141
528 342
528 667
529 65
529 114
529 138
530 3
530 29
530 126
530 627
530 709
531 19
531 78
531 246
531 730
532 51
532 118
532 184
532 675
532 811
533 14
533 37
533 437
533 632
533 911
534 51
534 66
534 214
535 4
535 94
535 198
535 621
535 968
536 7
536 93
536 174
536 756
536 769
536 843
536 937
537 4
537 299
537 318
537 638
537 737
538 4
538 147
538 311
539 23
539 51
539 126
540 1
540 29
540 146
540 907
541 330
541 364
541 524
542 104
542 293
542 472
543 4
543 53
543 162
543 545
543 621
543 841
543 877
544 20
544 102
544 212
545 51
545 406
545 543
545 883
545 959
546 17
546 27
546 48
546 642
546 657
546 666
546 752
546 896
547 3
547 77
547 172
547 602
547 699
548 7
548 10
548 154
548 618
548 694
549 104
549 125
549 369
550 7
550 189
550 444
550 667
551 72
551 422
551 478
551 610
552 4
552 30
552 403
552 654
553 34
553 67
553 444
553 669
554 3
554 22
554 127
555 12
555 36
555 135
556 96
556 191
556 442
556 946
557 38
557 64
557 271
557 658
557 913
558 107
558 255
558 310
558 726
559 8
559 144
559 440
559 562
559 759
560 22
560 95
560 392
561 50
561 170
561 489
562 4
562 85
562 559
563 5
563 35
563 425
563 658
563 970
563 988
564 126
564 228
564 480
564 648
564 882
565 5
565 371
565 390
566 42
566 51
566 141
567 240
567 381
567 427
567 867
568 2
568 67
568 493
568 716
569 8
569 172
569 508
570 9
570 151
570 364
570 679
571 0
571 33
571 109
571 635
572 79
572 134
572 342
573 12
573 40
573 121
574 156
574 409
574 448
574 927
574 957
575 2
575 51
575 407
576 164
576 348
576 374
577 2
577 247
577 427
577 722
578 88
578 323
578 465
578 840
578 880
579 1
579 36
579 170
579 714
580 218
580 314
580 385
580 705
580 754
580 996
581 15
581 38
581 329
581 734
581 863
582 6
582 106
582 145
582 609
583 17
583 33
583 147
583 710
584 40
584 160
584 516
584 677
584 889
585 233
585 367
585 412
586 12
586 113
586 318
586 598
587 17
587 86
587 332
588 319
588 399
588 427
588 705
588 835
589 36
589 46
589 164
589 715
590 9
590 49
590 450
591 0
591 4
591 38
591 611
591 808
592 198
592 293
592 513
593 51
593 179
593 274
593 698
593 894
594 108
594 159
594 314
595 11
595 51
595 229
595 737
596 3
596 32
596 335
597 50
597 233
597 464
598 170
598 197
598 586
599 43
599 420
599 526
599 745
600 9
600 141
600 271
600 611
600 674
601 57
601 94
601 125
602 20
602 66
602 547
603 3
603 23
603 523
604 59
604 123
604 143
605 5
605 125
605 492
606 5
606 217
606 293
607 0
607 19
607 200
608 23
608 134
608 425
609 71
609 334
609 582
610 174
610 249
610 551
611 420
611 591
611 600
611 830
611 964
612 5
612 72
612 478
612 868
612 992
613 6
613 398
613 513
613 859
614 33
614 145
614 387
615 18
615 357
615 371
616 61
616 75
616 179
616 923
617 26
617 77
617 80
617 973
618 19
618 251
618 548
619 6
619 112
619 404
619 719
619 835
620 6
620 169
620 205
621 0
621 535
621 543
622 65
622 193
622 504
623 170
623 189
623 229
623 752
624 0
624 143
624 195
625 2
625 5
625 185
626 119
626 134
626 138
627 24
627 177
627 530
627 851
627 960
628 46
628 53
628 170
629 5
629 11
629 403
629 832
630 33
630 133
630 171
630 702
630 810
631 2
631 178
631 349
632 30
632 61
632 533
632 690
632 822
633 33
633 57
633 444
634 49
634 79
634 286
635 114
635 144
635 571
635 677
636 133
636 233
636 499
636 814
636 979
637 3
637 9
637 80
638 49
638 390
638 537
638 831
639 35
639 57
639 430
639 802
640 0
640 129
640 323
640 643
640 646
640 720
640 883
640 933
640 976
641 103
641 109
641 192
641 823
642 98
642 139
642 546
643 9
643 348
643 640
643 683
644 3
644 67
644 142
645 15
645 334
645 365
645 779
646 139
646 453
646 640
647 41
647 63
647 76
648 194
648 222
648 564
648 745
649 4
649 41
649 212
649 755
649 910
649 968
650 76
650 89
650 218
650 998
651 27
651 179
651 250
652 19
652 275
652 283
652 849
653 142
653 257
653 468
654 231
654 328
654 552
654 754
655 9
655 173
655 233
656 0
656 19
656 133
657 170
657 294
657 546
658 106
658 557
658 563
659 27
659 79
659 412
659 931
660 124
660 186
660 336
661 108
661 259
661 405
661 965
662 5
662 89
662 392
662 776
662 940
663 5
663 118
663 500
664 3
664 5
664 116
664 763
664 823
665 12
665 16
665 505
666 187
666 210
666 546
667 45
667 528
667 550
668 339
668 411
668 504
669 265
669 273
669 553
670 47
670 124
670 357
670 981
671 105
671 240
671 316
671 682
671 904
672 0
672 348
672 403
673 0
673 7
673 234
673 945
673 976
674 9
674 330
674 600
675 137
675 325
675 532
676 25
676 105
676 310
677 22
677 584
677 635
677 785
678 0
678 373
678 383
678 728
678 787
679 20
679 48
679 570
680 40
680 73
680 481
681 43
681 107
681 405
681 991
682 105
682 443
682 671
683 19
683 255
683 643
684 5
684 7
684 524
684 813
684 956
685 5
685 7
685 514
686 15
686 26
686 489
687 0
687 13
687 40
688 25
688 105
688 119
689 108
689 247
689 474
689 929
690 161
690 440
690 632
690 999
691 44
691 67
691 98
691 716
692 108
692 212
692 460
692 956
693 15
693 163
693 456
693 732
693 785
694 95
694 123
694 548
694 729
694 788
695 76
695 199
695 305
696 7
696 76
696 228
696 895
697 7
697 172
697 421
697 757
698 0
698 100
698 593
699 2
699 118
699 547
699 957
700 2
700 102
700 242
700 784
701 341
701 419
701 427
701 936
702 9
702 150
702 630
702 879
703 14
703 250
703 271
703 876
704 40
704 67
704 293
705 194
705 580
705 588
706 9
706 75
706 277
706 746
707 48
707 112
707 159
708 0
708 204
708 444
708 933
709 1
709 464
709 530
709 735
710 262
710 308
710 583
711 1
711 51
711 280
712 225
712 267
712 341
713 7
713 121
713 131
713 837
714 41
714 228
714 579
714 847
714 966
715 255
715 341
715 589
715 850
716 191
716 568
716 691
717 15
717 17
717 443
717 739
717 875
718 32
718 111
718 269
719 35
719 219
719 619
720 273
720 514
720 640
720 962
721 8
721 268
721 456
721 964
722 12
722 161
722 577
722 724
722 736
723 58
723 192
723 435
723 946
724 107
724 124
724 722
725 7
725 439
725 455
725 766
725 955
726 304
726 360
726 558
727 3
727 44
727 125
727 768
727 817
728 15
728 93
728 678
728 965
729 40
729 73
729 694
729 796
729 906
730 12
730 207
730 531
730 764
731 11
731 15
731 16
732 381
732 488
732 693
733 46
733 306
733 442
734 43
734 217
734 581
735 2
735 56
735 709
736 133
736 298
736 722
736 864
736 902
736 973
737 33
737 537
737 595
738 43
738 298
738 509
739 144
739 250
739 717
740 6
740 73
740 273
740 778
741 73
741 157
741 212
742 0
742 3
742 251
743 118
743 417
743 484
744 0
744 23
744 65
745 151
745 599
745 648
746 7
746 51
746 706
747 37
747 223
747 280
747 943
748 25
748 50
748 143
748 880
749 58
749 384
749 473
749 776
749 812
750 99
750 389
750 407
750 943
751 0
751 44
751 76
751 782
752 133
752 546
752 623
753 4
753 29
753 83
754 6
754 580
754 654
754 949
755 25
755 101
755 649
756 47
756 125
756 536
757 0
757 411
757 697
758 12
758 201
758 358
759 66
759 392
759 559
759 824
760 71
760 110
760 196
760 956
761 9
761 48
761 491
762 30
762 141
762 228
762 875
763 71
763 516
763 664
763 839
764 9
764 33
764 730
765 13
765 18
765 220
765 797
766 47
766 144
766 725
766 799
766 833
766 856
766 890
766 985
767 51
767 58
767 185
768 35
768 40
768 727
769 98
769 419
769 536
769 944
770 84
770 443
770 487
771 35
771 107
771 415
772 7
772 197
772 207
773 3
773 63
773 305
774 7
774 122
774 479
775 36
775 299
775 518
775 982
776 114
776 662
776 749
776 990
777 26
777 256
777 403
778 390
778 524
778 740
779 3
779 14
779 645
779 886
779 962
780 5
780 169
780 219
781 46
781 241
781 361
781 988
782 2
782 395
782 751
783 237
783 292
783 316
783 920
784 7
784 440
784 700
785 1
785 677
785 693
785 823
786 40
786 204
786 292
787 67
787 326
787 678
788 122
788 177
788 694
789 25
789 67
789 270
789 790
790 37
790 379
790 789
791 34
791 141
791 428
792 0
792 174
792 524
792 986
793 2
793 23
793 380
794 19
794 95
794 286
795 57
795 88
795 389
796 15
796 161
796 729
797 374
797 425
797 765
798 48
798 152
798 178
799 110
799 316
799 766
800 42
800 51
800 504
801 133
801 288
801 400
801 983
802 143
802 447
802 639
803 23
803 99
803 124
804 5
804 143
804 488
805 7
805 29
805 43
806 3
806 30
806 42
806 942
807 30
807 305
807 340
807 871
807 978
808 246
808 254
808 591
808 821
809 55
809 65
809 185
810 7
810 164
810 630
811 4
811 5
811 532
812 257
812 466
812 749
813 43
813 427
813 684
814 23
814 176
814 636
814 864
815 45
815 65
815 87
816 3
816 81
816 379
817 140
817 159
817 727
818 70
818 140
818 189
818 989
819 27
819 174
819 215
820 3
820 134
820 457
821 68
821 345
821 808
821 909
822 11
822 27
822 632
823 641
823 664
823 785
824 0
824 49
824 759
825 18
825 25
825 93
826 72
826 218
826 410
827 2
827 193
827 403
828 29
828 70
828 74
829 6
829 34
829 274
829 850
830 83
830 137
830 611
830 975
831 3
831 49
831 638
832 41
832 77
832 629
833 165
833 306
833 766
833 916
833 951
834 26
834 269
834 491
834 887
835 218
835 588
835 619
835 879
836 114
836 228
836 294
837 1
837 48
837 713
838 57
838 102
838 239
839 239
839 261
839 763
840 257
840 370
840 578
841 10
841 314
841 543
841 846
841 940
842 153
842 174
842 282
842 995
843 114
843 198
843 536
844 105
844 210
844 251
845 11
845 27
845 403
846 134
846 175
846 841
847 15
847 122
847 714
848 67
848 132
848 134
849 67
849 93
849 652
850 22
850 715
850 829
851 443
851 456
851 627
852 6
852 27
852 390
853 3
853 15
853 308
854 80
854 89
854 263
855 3
855 77
855 177
856 389
856 449
856 766
856 983
857 0
857 4
857 242
858 12
858 33
858 336
858 882
859 58
859 88
859 613
860 70
860 226
860 256
860 945
861 47
861 50
861 91
861 935
862 5
862 117
862 329
863 177
863 391
863 581
863 903
863 949
864 0
864 736
864 814
865 90
865 260
865 401
866 30
866 46
866 56
867 20
867 70
867 567
868 273
868 429
868 612
869 0
869 4
869 189
870 3
870 316
870 444
871 11
871 161
871 807
872 0
872 3
872 144
872 886
873 20
873 44
873 462
874 25
874 42
874 114
875 27
875 717
875 762
876 43
876 448
876 703
877 2
877 132
877 543
878 75
878 282
878 461
879 108
879 702
879 835
880 369
880 578
880 748
881 26
881 54
881 488
882 65
882 564
882 858
883 119
883 545
883 640
884 4
884 134
884 293
885 42
885 231
885 275
886 4
886 779
886 872
887 41
887 472
887 834
888 0
888 12
888 345
889 179
889 486
889 584
890 66
890 252
890 766
891 26
891 286
891 491
891 929
892 30
892 35
892 208
892 985
893 347
893 392
893 415
893 894
894 258
894 593
894 893
895 49
895 299
895 696
896 9
896 335
896 546
896 994
897 7
897 71
897 76
898 146
898 176
898 293
899 20
899 137
899 216
899 991
900 81
900 440
900 491
901 33
901 54
901 61
902 107
902 430
902 736
903 331
903 453
903 863
904 12
904 50
904 671
905 51
905 289
905 470
906 34
906 207
906 729
907 107
907 193
907 540
908 33
908 129
908 520
909 390
909 392
909 821
910 58
910 280
910 649
911 75
911 490
911 533
912 30
912 112
912 218
913 51
913 247
913 557
914 13
914 49
914 130
915 174
915 179
915 400
916 279
916 289
916 833
917 151
917 195
917 468
918 57
918 275
918 334
918 931
919 47
919 89
919 146
920 208
920 212
920 783
921 3
921 216
921 263
921 954
922 6
922 126
922 491
923 68
923 467
923 616
924 20
924 140
924 261
924 944
925 42
925 189
925 311
926 4
926 373
926 448
927 40
927 463
927 574
928 90
928 132
928 450
929 470
929 689
929 891
930 15
930 17
930 30
931 283
931 659
931 918
932 264
932 271
932 453
933 215
933 640
933 708
934 15
934 86
934 212
935 7
935 177
935 861
936 18
936 476
936 701
937 322
937 330
937 536
938 15
938 374
938 495
938 960
939 58
939 117
939 339
940 114
940 662
940 841
941 6
941 147
941 208
942 15
942 217
942 806
943 9
943 747
943 750
944 398
944 769
944 924
945 316
945 673
945 860
946 252
946 556
946 723
947 6
947 110
947 236
948 195
948 218
948 257
949 247
949 754
949 863
950 5
950 135
950 218
951 138
951 448
951 833
952 3
952 15
952 130
952 963
953 29
953 67
953 119
954 0
954 192
954 921
955 102
955 147
955 725
956 684
956 692
956 760
957 3
957 574
957 699
958 25
958 66
958 116
959 112
959 174
959 545
960 134
960 627
960 938
961 104
961 225
961 298
962 79
962 720
962 779
963 17
963 178
963 952
964 5
964 611
964 721
965 422
965 661
965 728
966 132
966 440
966 714
967 4
967 46
967 495
968 359
968 535
968 649
969 99
969 251
969 420
970 67
970 83
970 563
971 3
971 12
971 204
972 44
972 88
972 100
973 218
973 617
973 736
974 20
974 86
974 442
975 7
975 169
975 830
976 6
976 640
976 673
977 47
977 209
977 244
978 22
978 92
978 807
979 3
979 4
979 636
980 29
980 62
980 238
981 147
981 465
981 670
982 22
982 500
982 775
983 116
983 801
983 856
984 6
984 23
984 25
985 11
985 766
985 892
986 0
986 102
986 792
987 0
987 24
987 509
988 5
988 563
988 781
989 89
989 164
989 818
990 42
990 373
990 776
991 262
991 681
991 899
992 119
992 167
992 612
993 83
993 214
993 393
994 448
994 473
994 896
995 60
995 97
995 842
996 263
996 482
996 580
997 0
997 316
997 322
998 0
998 34
998 650
999 120
999 478
999 690
