5.000000000000000104e-04
5.672413793103448648e-03
1.084482758620689685e-02
1.601724137931034506e-02
2.118965517241379326e-02
2.636206896551724146e-02
3.153448275862068967e-02
3.670689655172414134e-02
4.187931034482758608e-02
4.705172413793103081e-02
5.222413793103448248e-02
5.739655172413793416e-02
6.256896551724137889e-02
6.774137931034482363e-02
7.291379310344828224e-02
7.808620689655172697e-02
8.325862068965517171e-02
8.843103448275861644e-02
9.360344827586206118e-02
9.877586206896551979e-02
1.039482758620689645e-01
1.091206896551724093e-01
1.142931034482758679e-01
1.194655172413793126e-01
1.246379310344827573e-01
1.298103448275862160e-01
1.349827586206896468e-01
1.401551724137931054e-01
1.453275862068965640e-01
1.504999999999999949e-01
