5.000000000000000104e-04
1.017241379310344744e-03
1.534482758620689695e-03
2.051724137931034645e-03
2.568965517241379379e-03
3.086206896551724112e-03
3.603448275862069280e-03
4.120689655172414013e-03
4.637931034482758313e-03
5.155172413793103481e-03
5.672413793103448648e-03
6.189655172413793816e-03
6.706896551724138983e-03
7.224137931034482416e-03
7.741379310344827583e-03
8.258620689655172750e-03
8.775862068965517918e-03
9.293103448275863085e-03
9.810344827586208252e-03
1.032758620689655168e-02
1.084482758620689685e-02
1.136206896551724202e-02
1.187931034482758719e-02
1.239655172413793235e-02
1.291379310344827752e-02
1.343103448275862095e-02
1.394827586206896612e-02
1.446551724137931129e-02
1.498275862068965646e-02
1.549999999999999989e-02
