5.013484824841745180e-01
5.463565076912407781e-01
6.114026270569073995e-01
6.767016284930474912e-01
7.504822804728523700e-01
8.032333387909612599e-01
8.412812261090657495e-01
8.742435565352548732e-01
8.949333020277140394e-01
9.163982184185947011e-01
9.276693167046857758e-01
9.356975216282977792e-01
9.455182200127300041e-01
9.538415200287904128e-01
9.595905072635555477e-01
9.639398799998242229e-01
9.682041034187874873e-01
9.723465297620940140e-01
9.759277424143512070e-01
9.781616280362620541e-01
