5.037603763747826591e-01
6.164155627016667527e-01
8.258847449308700517e-01
9.207499718815893575e-01
9.559778135877358141e-01
9.720619206913753141e-01
9.802275208808413076e-01
9.857926175536629865e-01
9.895122864149757946e-01
9.914333792901089959e-01
9.929494344919543858e-01
9.939682982726467664e-01
9.947420210821422693e-01
9.953541082741922397e-01
9.958597475141374167e-01
9.962587942856897527e-01
9.966002704995221562e-01
9.968908819074053795e-01
9.971326434790305226e-01
9.973425724159703520e-01
