5.054682903219720469e-01
5.277581459666700336e-01
5.703927013238730970e-01
6.342152135401717405e-01
6.811563719175118825e-01
7.662164835441618305e-01
8.258319864261809418e-01
8.695401554315795867e-01
8.950658360023932003e-01
9.137436257232897097e-01
9.247029925448786436e-01
9.318919378279010290e-01
9.371834336266535725e-01
9.424412485420023966e-01
9.472304837384425413e-01
9.515835571342836641e-01
9.553744181179371076e-01
9.564510676145375756e-01
9.569123024916286191e-01
9.581977793034716084e-01
