4.988962389689268195e-01
6.477213602076845600e-01
8.938278672313869633e-01
9.391146056977813794e-01
9.374554813444561097e-01
9.263402191676078923e-01
9.290218111509604970e-01
9.341058722303426931e-01
9.288144867344539923e-01
9.213318491230442220e-01
9.204685419965702442e-01
9.189076749119390319e-01
9.055880409668353170e-01
8.987217636631639195e-01
9.798604553478200696e-01
9.808633911040469666e-01
9.817812724181830264e-01
9.816519745470652092e-01
9.815189861466887544e-01
9.818698964442206245e-01
