5.176392446672650402e-04
1.141013471365188270e+00
3.901827276996695293e+00
7.238133818523134977e+00
9.742260692939353817e+00
1.176934644920844697e+01
1.339768976691895475e+01
1.428202089099544736e+01
1.556793854707354896e+01
1.555851794465709048e+01
1.649098768275029059e+01
1.773847818299034529e+01
1.767895302594222784e+01
1.752215382566222956e+01
1.782150453501560605e+01
1.819389210479546648e+01
1.826232333063867941e+01
1.788001881336738208e+01
1.746747014839362677e+01
1.759661991379526569e+01
