3.885419166815467970e-05
-5.895641372006736255e-03
-1.923455560355100472e-02
-4.370846701512186294e-02
-6.015506849474489687e-02
-8.696038782278747714e-02
-1.029226002787484440e-01
-1.156209454259447406e-01
-1.398305224068924213e-01
-1.726209720405910975e-01
-1.923771157941545351e-01
-2.146733886954408643e-01
-2.645706063050233814e-01
-3.043565123572529729e-01
2.519382075206849994e-02
2.599914929807981348e-02
2.685310927918624704e-02
2.931369769772493306e-02
3.174565927050002068e-02
3.312604089111790412e-02
