4.818798289876208030e-05
7.315470205804201764e-02
5.806752516049245444e-02
4.329592588409045956e-02
7.808088928701283071e-02
1.384644904423829315e-01
2.115684266094686461e-01
2.918177446675990772e-01
4.252330439759053338e-01
6.213030236762951963e-01
8.230955414917344726e-01
1.096637257254680753e+00
1.547974555980452749e+00
2.032360435412941424e+00
3.411822934545699626e-01
3.850570157879266708e-01
4.309018444626930844e-01
4.977538343231407425e-01
5.733565764901485950e-01
6.464512288593646794e-01
