5.559339755677852787e-05
8.014324675998663050e-03
-1.768438093216279094e-03
2.765180158781725944e-03
-2.030840138221512263e-03
-2.157004143331825267e-03
8.203304342481947120e-03
4.422672604479921735e-03
1.075792017326819387e-02
-1.419624426153859569e-03
3.481358817601355477e-03
2.288659716023321109e-03
-2.674999979571227905e-03
-4.482705117085075165e-03
-4.649116203101557286e-03
-1.260555107487818785e-03
-2.714335181508373881e-03
2.332824874693808104e-03
-1.487506509564667572e-03
-1.759112454809783760e-03
