8.858993150127375711e-04
1.606529854602438023e+00
2.777719356711031651e+00
2.825913604059453466e+00
2.777870048956156968e+00
2.754866140402906005e+00
2.809654135275485132e+00
2.738188438501504063e+00
2.633877377887354765e+00
2.715720956365940353e+00
2.757972151683926398e+00
2.851610016633914668e+00
2.954282664543572690e+00
3.060853463168438093e+00
3.161822601499735264e+00
3.277991016365085386e+00
3.387177010425216572e+00
3.495661047348959993e+00
3.613269158828082528e+00
3.729544379495048911e+00
