1.216500355253062778e-07
5.611451432264362773e-06
1.151117977142925470e-05
1.789614782957084285e-05
2.770853456031777365e-05
2.750026570372519715e-05
3.254904684311799018e-05
4.430324284027289369e-05
4.294193827011419926e-05
4.814946495541451801e-05
5.383800623942462150e-05
5.808524792473564278e-05
7.858373510838760330e-05
8.448327291165605348e-05
9.088258602550507474e-05
9.717026833447026427e-05
1.036426619599888798e-04
1.101108957929100248e-04
1.166784567804456042e-04
1.230903486105780834e-04
