4.055684838141760361e-04
9.843438148487211325e-01
3.758627857619281087e+00
7.610615792845352168e+00
1.198725567916059909e+01
1.317831399178076701e+01
1.349374974289140994e+01
1.311284872879684826e+01
1.335854110980515941e+01
1.365514534663442348e+01
1.458710620658610146e+01
1.579066145343542793e+01
1.739424023762861893e+01
1.859010781361370945e+01
1.973538838881208335e+01
2.059463706043024800e+01
2.163498701529556456e+01
2.369581629127954159e+01
2.655668716953290343e+01
2.885271413306655575e+01
