5.586684634120685396e-03
1.857022742168444873e-01
1.467673820298105170e-01
1.572158904595115647e-01
2.014095807020239437e-01
2.514036684833179658e-01
2.911588060316999682e-01
3.230385764900843837e-01
3.662950158262705536e-01
4.171570221610668705e-01
4.554169390629965730e-01
4.937792513956666407e-01
5.625283395623078553e-01
6.181524635852946314e-01
3.420219428395890326e-01
3.557743299498039580e-01
3.686556466090751272e-01
3.820691396342635326e-01
3.950429516036866873e-01
4.077374142402573898e-01
