2.174057326125863540e-02
8.902653571258478671e-01
1.054881878201559209e+00
1.051199832733308304e+00
1.062825028120011561e+00
1.099583314866738215e+00
1.138431332866870038e+00
1.155076745554257434e+00
1.169263415755934954e+00
1.207153059548691010e+00
1.236807201860927963e+00
1.272331344604545889e+00
1.308446591882393761e+00
1.345300555069775195e+00
1.379198124266244774e+00
1.414779271853178422e+00
1.447883679603524598e+00
1.479787459690100171e+00
1.511971025120122603e+00
1.544068648677332956e+00
