1.298560221262052596e-02
6.684165374615157473e-01
1.305908489826587360e+00
1.805506070937641372e+00
2.166926370984103567e+00
2.024126055909096333e+00
1.873675136254884688e+00
1.692749177524211612e+00
1.634974026264545355e+00
1.599501143883061749e+00
1.615041963651808965e+00
1.635707511142311388e+00
1.677876484012150282e+00
1.711201426782798629e+00
1.729815244151899911e+00
1.753737870375008612e+00
1.786210136379640767e+00
1.839066216777606178e+00
1.903813380134651068e+00
1.966096407196414875e+00
