4.009309097529852105e-04
1.597999023327701870e-02
-1.782139954074210336e-03
6.704616815601240065e-02
4.781289089296465039e-02
2.350267086724032797e-02
4.442259766237280361e-02
3.207368889557422886e-03
3.351002012669906938e-02
3.907840437051503246e-02
5.788077713389860879e-02
5.433195165558236950e-02
5.486236582197801664e-02
5.409657887254239184e-02
7.300317002407451239e-02
7.053566927255751351e-02
7.915030965367576832e-02
7.622393361920028199e-02
8.863586743729322259e-02
9.938471105535244543e-02
