3.826892335358749592e-04
5.891571278318746482e-03
1.516940348670768948e-02
2.464534925434092635e-03
-4.223150984336692185e-03
-9.290054898850473933e-03
-8.015824103080762195e-03
-5.786288517840872288e-03
-1.857372445039687583e-02
-1.811021078487569033e-02
-1.555815891786965950e-02
-1.429195975419024663e-02
-1.507432509593388190e-02
-1.542171726017926847e-02
-1.421433040450694255e-02
-1.314781173388300181e-02
-1.257752081868679199e-02
-1.203267328510012300e-02
-1.021423490599073988e-02
-9.178381728289802810e-03
