2.821239183026075636e+01
2.821239183026075636e+01
2.821239183026075636e+01
2.821239183026075636e+01
2.821239183026075636e+01
2.821239183026075636e+01
2.821239183026075636e+01
2.821239183026075636e+01
2.821239183026075636e+01
2.821239183026075636e+01
2.821239183026075636e+01
2.821239183026075636e+01
2.821239183026075636e+01
2.821239183026075636e+01
2.821239183026075636e+01
2.821239183026075636e+01
2.821239183026075636e+01
2.821239183026075636e+01
2.821239183026075636e+01
2.821239183026075636e+01
