3.129151507311524938e+02
3.129151507311524938e+02
3.129151507311524938e+02
3.129151507311524938e+02
3.129151507311524938e+02
3.129151507311524938e+02
3.129151507311524938e+02
3.129151507311524938e+02
3.129151507311524938e+02
3.129151507311524938e+02
3.129151507311524938e+02
3.129151507311524938e+02
3.129151507311524938e+02
3.129151507311524938e+02
3.129151507311524938e+02
3.129151507311524938e+02
3.129151507311524938e+02
3.129151507311524938e+02
3.129151507311524938e+02
3.129151507311524938e+02
