5.055268893945152886e-01
5.374729528917381316e-01
6.167385137829124453e-01
7.010495342302895949e-01
7.565035379885278743e-01
7.950280911686404828e-01
8.253564154240952133e-01
8.590655595729581595e-01
8.872520822003492347e-01
9.043018962758865298e-01
9.186908082608929993e-01
9.280870238503796665e-01
9.342711602923639003e-01
9.414052045180412165e-01
9.468138285153345768e-01
9.539125725481901741e-01
9.590017507249040118e-01
9.629143301025603341e-01
9.676651426778231091e-01
9.711021596864061189e-01
