5.083046741817374148e-01
5.313008441431475992e-01
5.584355310103583658e-01
5.968798814572932043e-01
6.447107181916443830e-01
6.798024318425435197e-01
7.103475931049688663e-01
7.426484010289040594e-01
7.607327032735486938e-01
7.902586836139205984e-01
8.057755293963499987e-01
8.160625168355123416e-01
8.343908100379835435e-01
8.494991615810920660e-01
8.597086625883350042e-01
8.681654570321739595e-01
8.788580276416113612e-01
8.889060875170047282e-01
8.965374248297286464e-01
9.036236862798076031e-01
