5.171146388053037279e-01
5.229483713621945196e-01
5.401175653966441281e-01
5.775499991264386734e-01
6.030034726767897757e-01
6.768424754969484258e-01
7.712602162619895951e-01
8.232411829049410823e-01
8.555704167690770801e-01
8.738628792593546857e-01
8.965504052920720834e-01
9.126581431047668946e-01
9.274340693217405507e-01
9.304802612684404117e-01
9.395540255565919541e-01
9.419084829402855075e-01
9.483544866226270020e-01
9.500945395864960341e-01
9.518665314598935279e-01
9.550339061012429465e-01
