5.119476590584229880e-01
7.189051589621991978e-01
9.749885495415968606e-01
1.014391017223557734e+00
1.015079846176312861e+00
1.014389227215845235e+00
1.014746660875185613e+00
1.015182220857731021e+00
1.014970460600823854e+00
1.013559282413622809e+00
1.014712249512357500e+00
1.014740981761184990e+00
1.014023468579668963e+00
1.014075181660640590e+00
1.351387114295714342e+00
1.340680981370154123e+00
1.328955460794590371e+00
1.334003298539358395e+00
1.339017171397842709e+00
1.336405471250315502e+00
