-3.327682566599453003e-04
1.917961980389899616e-03
4.179997663971245225e-02
-1.003516301376274240e-02
2.127645934516954329e-02
2.293762198969271152e-02
4.219507933795142024e-02
3.521299575853811814e-02
3.835454646223540598e-02
3.277659095029769598e-02
3.289796872368232206e-02
3.910138924097551066e-02
3.509068502534200967e-02
4.619916759145857588e-02
5.261273479911979245e-02
5.671787611226272036e-02
7.155362440213494657e-02
8.436411168730696686e-02
8.657233755309308443e-02
8.925899843680862311e-02
9.545699747128635893e-02
1.003778903947960821e-01
1.051599950808369127e-01
1.061589563683287968e-01
1.067756875132465644e-01
1.041072423484798448e-01
9.702785224227218619e-02
9.293383023717011193e-02
9.512043487384710949e-02
1.070063170267626512e-01
