-3.643483797281513170e-01
-3.691090076707317369e-01
3.357786148275241911e-01
-1.251540288406131907e-01
7.145816442373180422e-02
4.614800430518276042e-02
6.792995972693274820e-02
6.673761993604000742e-02
-3.680159373323001193e-02
-5.718169507016869491e-02
3.100865967461616246e-02
3.555764397712971037e-02
-2.289276617802985664e-02
-3.064080151299871865e-02
5.640015223809047643e-03
3.297840516890267887e-02
-2.745945893047113673e-02
-7.023064812050694439e-02
-7.359735906764745816e-02
-4.946722493264349430e-02
-4.126230702832201641e-02
-2.097924944208585593e-02
-1.261392798072511964e-02
1.790193756170959868e-02
-4.232300286303584611e-03
-1.060100771221605433e-02
2.228060735462625980e-02
1.380676952326790295e-02
7.444158163309941290e-03
1.099343242136279798e-02
