5.000000000000000104e-04
1.224137931034482724e-03
1.948275862068965655e-03
2.672413793103448586e-03
3.396551724137931300e-03
4.120689655172414013e-03
4.844827586206896727e-03
5.568965517241380309e-03
6.293103448275862155e-03
7.017241379310345736e-03
7.741379310344827583e-03
8.465517241379311164e-03
9.189655172413794745e-03
9.913793103448276592e-03
1.063793103448276017e-02
1.136206896551724202e-02
1.208620689655172560e-02
1.281034482758620918e-02
1.353448275862069103e-02
1.425862068965517461e-02
1.498275862068965646e-02
1.570689655172414004e-02
1.643103448275862188e-02
1.715517241379310373e-02
1.787931034482758905e-02
1.860344827586207089e-02
1.932758620689655274e-02
2.005172413793103806e-02
2.077586206896551990e-02
2.150000000000000175e-02
